% ALPHA ENGINE DEFINITION
% Generated 16-May-2018 14:55:19

% SUGGESTED CITATION:
% 2016 Honda 1.5L L15B7 Engine Tier 2 Fuel - ALPHA Map Package. Version 2018-05. Ann Arbor MI: US EPA National Vehicle and Fuel Emissions Laboratory, National Center for Advanced Technology, 2018.


% Constructor
engine = class_REVS_engine();
engine.name =  '2016 Honda 1.5L L15B7 Engine Tier 2 Fuel'; 
engine.source_filename = mfilename;engine.matrix_vintage = enum_matrix_vintage.present;

% Physical Description
engine.displacement_L =  1.496; 
engine.num_cylinders =  4; 
engine.combustion_type = enum_engine_combustion_type.spark_ignition;
engine.compression_ratio =  10.6; 
engine.stroke_mm =  89.4; 

% Maximum Torque Curve
engine.full_throttle_speed_radps = [	    0.00000000000000000	;     104.82447487477941	;     131.00441365469436	;     157.26795223911657	;     168.02432201562254	;     179.82127283297581	;     210.70012400031695	;     262.18471583012371	;     314.42814040590815	;     418.66041798982678	;     471.45777176088114	;     523.71863555897801	;     628.31853071795865	;     659.73445725385659	;     691.15038378975453		]; 
engine.full_throttle_torque_Nm = [	    0.00000000000000000	;     129.73300000000000	;     138.88900000000001	;     196.48857142857136	;     216.18408450704220	;     231.80737179487164	;     237.22968354430384	;     231.20378640776678	;     232.98675675675668	;     216.79837499999999	;     218.27288288288278	;     213.47463855421688	;     206.90142601946394	;     177.34407944525483	;    0.00000000000000000		]; 
engine.naturally_aspirated_speed_radps = [	    0.00000000000000000	;     105.56499314312563	;     145.31175019791789	;     209.41804553170351	;     235.76982189659736	;     313.94414767686396	;     366.53565567091692	;     418.81305632013954	;     471.23347076158126	;     575.92905570908874	;     691.15038378975453		]; 
engine.naturally_aspirated_torque_Nm = [	     127.25433308808792	;     118.02406210272611	;     111.60480809272713	;     110.47550668286338	;     108.25419627283021	;     93.973174240450220	;     91.225423185045742	;     98.570482637620827	;     120.33571820243844	;     128.51804237420095	;     133.99665009501905		]; 

% Minimum Torque Curve
engine.closed_throttle_speed_radps = [	    0.00000000000000000	;     104.82447487477941	;     314.15926535897933	;     471.13417828334929	;     523.49405584317913	;     691.15038378975453		]; 
engine.closed_throttle_torque_Nm = [	    -12.616064532266137	;    -15.576000000000001	;    -19.555000000000000	;    -24.587000000000000	;    -27.398000000000000	;    -32.132122561280639		]; 

% Fuel Map
engine.fuel_map_speed_radps = [	    0.00000000000000000	;     39.616065138184624	;     79.232130276369247	;     105.56499314312563	;     131.00441365469436	;     145.31175019791789	;     157.23361751852565	;     167.84483860204938	;     183.43694188258033	;     209.41804553170351	;     235.76982189659736	;     261.75930773146854	;     313.94414767686396	;     335.83625466874889	;     366.53565567091692	;     418.81305632013954	;     471.23347076158126	;     523.53958070021872	;     575.92905570908874	;     628.31853071795865	;     659.73445725385659	;     691.15038378975453		]; 
engine.fuel_map_torque_Nm = [	    -33.738728689344676	;    -18.950954545454543	;    -6.1059999999999999	;    -2.1090000000000000	;     4.6198793103448272	;     10.916708333333332	;     17.973519999999997	;     31.025874999999999	;     41.305571428571426	;     51.404458333333338	;     61.522999999999996	;     71.497470588235302	;     83.182166666666660	;     95.544678571428577	;     105.10225000000000	;     115.69657142857142	;     127.70781249999999	;     139.56774999999999	;     150.58550000000002	;     163.25886388559360	;     176.90957578284284	;     184.41863502517006	;     187.05545070422536	;     194.47010369843190	;     203.26756357623432	;     206.12162713843639	;     213.36776796789241	;     222.00001928484971	;     230.63227060180699	;     239.86171916166302	;     249.09116772151904		]; 
