% ALPHA ENGINE DEFINITION
% Generated 04-Jun-2018 16:11:29

% SUGGESTED CITATION:
% 2015 BMW 3.0L N57 Engine Diesel Fuel - ALPHA Map Package. Version 2018-06. Ann Arbor MI: US EPA National Vehicle and Fuel Emissions Laboratory, National Center for Advanced Technology, 2018.


% Constructor
engine = class_REVS_engine();
engine.name =  '2015 BMW 3.0L N57 Engine Diesel Fuel'; 
engine.source_filename = mfilename;engine.matrix_vintage = enum_matrix_vintage.present;

% Physical Description
engine.displacement_L =  2.993; 
engine.num_cylinders =  6; 
engine.combustion_type = enum_engine_combustion_type.compression_ignition;
engine.compression_ratio =  10.6; 
engine.stroke_mm =  90; 

% Maximum Torque Curve
engine.full_throttle_speed_radps = [	    0.00000000000000000	;     104.86433278437430	;     130.82390245320809	;     157.03473816855254	;     183.27052661186670	;     209.42579394107420	;     235.64332795083516	;     261.79724020641140	;     287.99694180323229	;     314.23235953861331	;     366.51904060760842	;     392.69072150179380	;     418.88403152836105	;     460.76027523060725	;     483.79828899213766	;     506.83630275366801		]; 
engine.full_throttle_torque_Nm = [	    0.00000000000000000	;     310.21167000000003	;     479.76672400000001	;     544.83300799999995	;     557.97375499999998	;     557.11663799999997	;     573.09741199999996	;     575.54907200000002	;     575.24017300000003	;     564.20648200000005	;     527.55712900000003	;     480.57547000000000	;     444.79150399999997	;     365.25970500000005	;     313.07974714285723	;    0.00000000000000000		]; 
engine.naturally_aspirated_speed_radps = [	    0.00000000000000000	;     157.08576453523071	;     183.26149195738026	;     261.79436508626463	;     314.19149989412097	;     340.33783518037546	;     392.69804370080340	;     506.83630275366801		]; 
engine.naturally_aspirated_torque_Nm = [	     40205.102995264053	;     39121.546984618661	;     38946.027547761507	;     38433.145952177641	;     38072.396047882081	;     37881.664567226129	;     37478.478874746063	;     36556.822138008953		]; 

% Minimum Torque Curve
engine.closed_throttle_speed_radps = [	    0.00000000000000000	;     109.95574287564276	;     733.03828583761833		]; 
engine.closed_throttle_torque_Nm = [	    -23.871442424242424	;    -30.945806060606060	;    -64.920890909090915		]; 

% Fuel Map
engine.fuel_map_speed_radps = [	    0.00000000000000000	;     37.227872945039046	;     74.455745890078092	;     104.79678087764159	;     130.90368259788528	;     157.08576453523071	;     183.26149195738026	;     209.43404210282645	;     235.61595863601650	;     261.79436508626463	;     287.98178907838599	;     314.19149989412097	;     340.33783518037546	;     366.51842960448926	;     392.69804370080340	;     418.87972641777935	;     445.05785992365475	;     460.76955218915367	;     483.80292747141084	;     506.83630275366801		]; 
engine.fuel_map_torque_Nm = [	    -68.166935454545467	;    -32.508467727272730	;     3.1499999999999999	;     30.682870583333333	;     54.488906033333329	;     80.027642416666652	;     106.24930220000002	;     132.56692616666666	;     158.94145986666666	;     184.65891908333333	;     211.13304253333331	;     237.66751971428573	;     263.84184693333333	;     289.93824962500003	;     316.05958946666669	;     342.18909309999998	;     368.22778771428568	;     395.46424883333333	;     421.57924124999994	;     447.51940675000003	;     474.19751099999996	;     500.38633387499999	;     525.69727261111109	;     554.21899424999992	;     574.67331687499995	;     604.32652560000008		]; 
engine.fuel_map_gps = [
  0.061372267568686689	   0.00000000000000000	   0.00000000000000000	   0.00000000000000000	   0.00000000000000000	   0.00000000000000000	   0.00000000000000000	   0.00000000000000000	   0.00000000000000000	   0.00000000000000000	   0.00000000000000000	   0.00000000000000000	   0.00000000000000000	   0.00000000000000000	   0.00000000000000000	   0.00000000000000000	   0.00000000000000000	   0.00000000000000000	   0.00000000000000000	   0.00000000000000000	;
  0.047583434568176104	  0.051341237553726569	  0.049455848130710564	  0.034844913126411234	  0.022869063118103616	  0.018097299875899871	  0.029838394664572401	  0.063603922493774598	   0.11559119533322226	   0.17991953857768142	   0.25293054844837037	   0.33160709221924745	   0.41374973079415495	   0.49754631673698646	   0.57960214795370124	   0.65845893327151672	   0.73197927411343011	   0.77380399066319239	   0.83270787031879623	   0.89003790128101801	;
  0.036385058846764032	   0.10528619078046612	   0.17179954321750537	   0.19912027547672217	   0.23807235052768239	   0.26904409880778807	   0.32816743104705137	   0.41073904750995210	   0.51044104257813272	   0.61755685434707697	   0.73068303414669244	   0.85177921428879244	   0.98376609563771422	    1.1265535414205832	    1.2725009298511936	    1.4136570493293401	    1.5444467800210939	    1.6194723606695436	    1.7264215290172982	    1.8317031483286743	;
  0.032866706858440592	   0.14576471811524808	   0.24645891172145554	   0.31445961764747898	   0.40514712768440064	   0.47004168224712151	   0.58021211787679849	   0.69092321491707187	   0.81990287679094898	   0.95812803095387677	    1.0960270393868896	    1.2473871197030841	    1.4180920260417276	    1.6047149885591445	    1.8080710854890281	    1.9959437338943951	    2.1684045026283689	    2.2699852079229252	    2.4174595873275053	    2.5648866778431367	;
  0.034689701349711222	   0.18594728290565751	   0.32539765009240629	   0.43350550097935869	   0.54423975764794674	   0.66621057089682378	   0.81931444364731532	   0.94553549115707025	    1.0852015968230677	    1.2523852395900577	    1.4078285675717093	    1.5872113469498570	    1.7938002381722646	    2.0119459241154711	    2.2702632415349191	    2.4939502912415064	    2.7024472359086245	    2.8301616044468978	    3.0168875366944161	    3.2062503087791145	;
  0.044751059749971865	   0.23874793473869416	   0.42873487149503298	   0.58742213507133889	   0.73269078910467811	   0.90708037464112168	    1.0780260053252824	    1.2289864815693898	    1.3818437913644837	    1.5539719634036278	    1.7398780294935652	    1.9559133070849757	    2.1972589265867377	    2.4591091958232436	    2.7465965901609461	    3.0136882637312743	    3.2707318733446713	    3.4281343022383903	    3.6647956742144085	    3.9050739616961159	;
  0.070121891913381834	   0.30695923919409979	   0.55124021182651783	   0.75579935967871392	   0.93851252884062053	    1.1420779059567974	    1.3574146118109831	    1.5308244947907756	    1.6791924181664470	    1.8707917652451007	    2.0842587474128149	    2.3448712408699119	    2.6239106893239290	    2.9181753848204330	    3.2465744847605689	    3.5552942995767176	    3.8655796849999988	    4.0550747460027416	    4.3456585932876335	    4.6360087414387099	;
   0.11807148805627854	   0.39077901653590691	   0.68469499272860013	   0.94019595780555432	    1.1569504235747050	    1.3681695598353931	    1.6544748370659883	    1.8590836286671479	    2.0038973647111171	    2.2065162440311621	    2.4542028540113585	    2.7532550582709772	    3.0701743494716887	    3.4013570064698508	    3.7627786963382497	    4.1273161730327139	    4.4997917744246481	    4.7254126415475550	    5.0546431774132614	    5.3806002153124197	;
   0.19451566260683839	   0.49232201874224030	   0.82079949971060839	    1.1232892276542641	    1.3848387222510075	    1.6592677951174610	    1.9574712760658439	    2.1607612287246556	    2.3360750054371633	    2.5609157942302625	    2.8349681201038117	    3.1828952609852776	    3.5331592078677923	    3.8924651631261002	    4.3028783287448169	    4.7220341298572563	    5.1537136824934917	    5.4166822384684217	    5.7786522224952357	    6.1352134672995113	;
