% ALPHA ENGINE DEFINITION
% Generated 22-Oct-2018 12:48:05

% SUGGESTED CITATION:
% 2013 Ford 1.6L EcoBoost Engine Tier 2 Fuel - ALPHA Map Package. Version 2018-10. Ann Arbor MI: US EPA National Vehicle and Fuel Emissions Laboratory, National Center for Advanced Technology, 2018.


% Constructor
engine = class_REVS_engine();
engine.name =  '2013 Ford 1.6L EcoBoost Engine Tier 2 Fuel'; 
engine.source_filename = mfilename;engine.matrix_vintage = enum_matrix_vintage.present;

% Physical Description
engine.displacement_L =  1.596; 
engine.num_cylinders =  4; 
engine.combustion_type = enum_engine_combustion_type.spark_ignition;
engine.bore_mm =  79; 
engine.stroke_mm =  81.4; 

% Maximum Torque Curve
engine.full_throttle_speed_radps = [	    0.00000000000000000	;     104.71975511965977	;     157.07963267948966	;     209.34699084401964	;     261.79938779914943	;     387.46309394274112	;     492.18284906240092	;     596.90260418206071	;     626.74773439116382	;     656.59286460026681		]; 
engine.full_throttle_torque_Nm = [	    0.00000000000000000	;     132.00000000000000	;     200.00000000000000	;     243.29553398058243	;     250.00000000000000	;     246.00000000000000	;     237.00000000000000	;     223.00000000000000	;     191.14285714285714	;    0.00000000000000000		]; 
engine.naturally_aspirated_speed_radps = [	    0.00000000000000000	;     157.15747577165220	;     209.54028521143078	;     235.72391616090977	;     314.17244772815320	;     418.89158684925337	;     656.59286460026681		]; 
engine.naturally_aspirated_torque_Nm = [	     78.716700122779727	;     113.57129079014379	;     119.97441205454714	;     121.37409995343515	;     119.68852026170057	;     107.40620345523797	;     101.51512738613449		]; 

% Minimum Torque Curve
engine.closed_throttle_speed_radps = [	    0.00000000000000000	;     104.82447487477943	;     287.97932657906438	;     314.05454560385965	;     366.51914291880917	;     471.34361779358858	;     656.59286460026681		]; 
engine.closed_throttle_torque_Nm = [	    -12.951259999999998	;    -13.119999999999999	;    -17.590000000000000	;    -17.620000000000001	;    -13.410000000000000	;    -13.710000000000001	;    -14.008202857142859		]; 

% Fuel Map
engine.fuel_map_speed_radps = [	    0.00000000000000000	;     52.412237437389727	;     104.82447487477945	;     120.53243814272838	;     136.24040141067735	;     157.15747577165220	;     183.36167322064625	;     209.54028521143078	;     235.72391616090977	;     261.80677278188011	;     287.98275148886364	;     314.17244772815320	;     340.44315259952123	;     366.52630842757856	;     392.69908169872417	;     418.89158684925337	;     471.33535044450014	;     523.59877559829886	;     590.09582009928283	;     656.59286460026681		]; 
engine.fuel_map_torque_Nm = [	    -18.501000000000001	;    -14.703437500000000	;    -6.6077777777777786	;     3.7983333333333338	;     20.354838709677416	;     34.722857142857144	;     44.099090909090911	;     57.951666666666668	;     66.469999999999999	;     71.567499999999995	;     87.105185185185178	;     100.58272727272728	;     108.45083333333334	;     116.63499999999999	;     129.06725000000000	;     141.17928571428570	;     155.59583333333330	;     166.65400000000000	;     181.99250000000001	;     197.05437096774193	;     207.45833333333331	;     216.85821213836741	;     225.85797565122704	;     234.85773916408664	;     243.29553398058243	;     252.89776699029122	;     262.50000000000000		]; 
engine.fuel_map_gps = [
  0.011651203437748520	  0.083499933113990704	   0.16065895578235201	   0.18293422096050971	   0.20540852587193645	   0.23681408207393012	   0.28075907480482337	   0.32676695707022174	   0.36615274403365372	   0.39943580842379167	   0.43570124588537545	   0.47883078130355794	   0.52770936704924776	   0.56622880009218268	   0.59859308887437046	   0.62893456798166181	   0.66473941952586291	   0.63662001114545819	   0.69049966735046020	   0.79372067486513154	;
  0.013792681229584505	  0.083499782550736132	   0.15679822893253550	   0.17770847389825706	   0.19852239025421869	   0.22771970727575050	   0.26971770731198619	   0.31427138997618043	   0.35258973719585907	   0.38424845665257579	   0.41663982477917016	   0.46000245340625578	   0.51704647949651217	   0.55741679561451152	   0.58844764247438974	   0.61862910129768833	   0.67255480859222005	   0.71726755218908822	   0.81784706752627279	   0.94058147622746913	;
  0.018262352247307764	  0.083811274889828383	   0.14750492405165022	   0.16603726743877795	   0.18454010618918282	   0.21000333319841238	   0.24822753817495577	   0.28948664717229633	   0.32707193184102196	   0.35878075577747554	   0.38327559972915765	   0.42382328698797023	   0.48873153894945359	   0.53848093328414282	   0.56905749055485078	   0.59601236328510532	   0.68670887193593988	   0.89178079017925171	    1.0892312914748432	    1.2533173401176461	;
  0.022648377895178130	  0.089103112949457039	   0.14473813091135845	   0.16648990940323716	   0.18809337799122144	   0.21694910972033493	   0.25872230663207613	   0.30642434366401938	   0.35132620287346916	   0.39799620013098563	   0.43552998415158456	   0.47720888849689702	   0.53040109988449868	   0.57874292430011676	   0.63088645247865816	   0.68953092578086395	   0.83886984993288749	    1.1471405659301299	    1.4366539553540223	    1.6509481356754321	;
  0.021382479249115044	   0.13143870057312054	   0.24145872577534827	   0.27655091017116035	   0.30942331114685850	   0.35073056581433010	   0.40817572021825116	   0.47462807596842654	   0.54123266056356256	   0.60635008732918749	   0.67635937509900323	   0.74999734823808617	   0.82672024509350972	   0.90470822031519593	   0.99447864612150461	    1.0876525840232032	    1.2883144631212438	    1.6686060464860328	    1.9823691006605508	    2.2612420818190415	;
  0.014423877591156847	   0.18034963396913584	   0.34478596303591114	   0.38455970319811150	   0.42465127758196208	   0.48253356391095886	   0.56471997006100361	   0.65324839286919845	   0.74197525543264742	   0.83195022621312742	   0.92525172906231545	    1.0233655488929969	    1.1247220848899047	    1.2276264776126034	    1.3353776597869695	    1.4521721928804132	    1.7141648855243377	    2.0555224219176473	    2.4359200299625554	    2.7788216050751875	;
 0.0088254893255818225	   0.20280309069054275	   0.38965617856274498	   0.44195611063932716	   0.49567846929660409	   0.57117493184341761	   0.67167009636636343	   0.77249662453751833	   0.87463255087234304	   0.98128336320322851	    1.0909780361698909	    1.2043848866778775	    1.3206654794111758	    1.4401716906981621	    1.5645155624323148	    1.7008130529026915	    1.9943203787525445	    2.3267433091207992	    2.7375968576736747	    3.1206775510286855	;
0.00059571745261831495	   0.23045758404522182	   0.45788843976448090	   0.53094471958245804	   0.60466565822291751	   0.70362396531256521	   0.82791405192253553	   0.95134519024911035	    1.0750599083163228	    1.2024542428856491	    1.3332999426525747	    1.4670222183930068	    1.6079524197241564	    1.7575328343046863	    1.9178452384571616	    2.0825865046150107	    2.4131892821018042	    2.7580415698851724	    3.2029038749974084	    3.6437818065120728	;
   0.00000000000000000	   0.25460342328928670	   0.51334306678408759	   0.59404959829990345	   0.67548085047635520	   0.78526368874758434	   0.92113026713046087	    1.0576096851763783	    1.1955354374701246	    1.3357712060934579	    1.4782365250252083	    1.6250798025207775	    1.7828448571301658	    1.9522955997359797	    2.1306132902169019	    2.3126014636814491	    2.6740036072243423	    3.0337043125999537	    3.5061384527120465	    3.9886846399936999	;
