% ALPHA ENGINE DEFINITION
% Generated 08-Aug-2018 13:15:19

% SUGGESTED CITATION:
% 2014 Chevrolet 4.3L EcoTec3 LV3 Engine Tier 2 Fuel - ALPHA Map Package. Version 2018-08. Ann Arbor MI: US EPA National Vehicle and Fuel Emissions Laboratory, National Center for Advanced Technology, 2018.


% Constructor
engine = class_REVS_engine();
engine.name =  '2014 Chevrolet 4.3L EcoTec3 LV3 Engine Tier 2 Fuel'; 
engine.source_filename = mfilename;engine.matrix_vintage = enum_matrix_vintage.present;

% Physical Description
engine.displacement_L =  4.3; 
engine.num_cylinders =  6; 
engine.combustion_type = enum_engine_combustion_type.spark_ignition;
engine.bore_mm =  99.6; 
engine.stroke_mm =  92; 

% Maximum Torque Curve
engine.full_throttle_speed_radps = [	    0.00000000000000000	;     83.775804095727807	;     104.71975511965977	;     167.55160819145561	;     209.43951023931953	;     251.32741228718345	;     335.10321638291123	;     376.99111843077515	;     408.40704496667308	;     460.76692252650298	;     534.07075111026484	;     575.95865315812875	;     604.75658581603523	;     633.55451847394170		]; 
engine.full_throttle_torque_Nm = [	    0.00000000000000000	;     271.16359999999997	;     305.05905000000001	;     328.10795600000000	;     359.29176999999999	;     379.62903999999997	;     386.40812999999997	;     406.74540000000002	;     413.52449000000001	;     406.74540000000002	;     393.18721999999997	;     366.07085999999998	;     313.77502285714286	;    0.00000000000000000		]; 

% Minimum Torque Curve
engine.closed_throttle_speed_radps = [	    0.00000000000000000	;     83.671084340608147	;     104.71975511965977	;     366.41442316368955	;     633.55451847394170		]; 
engine.closed_throttle_torque_Nm = [	    -31.671259259259259	;    -38.299999999999997	;    -41.200000000000003	;    -60.700000000000003	;    -81.863851851851877		]; 

% Fuel Map
engine.fuel_map_speed_radps = [	    0.00000000000000000	;     30.768908048908607	;     61.537816097817213	;     83.775804095727807	;     104.06839824281546	;     115.75157855322699	;     131.11541659512119	;     144.93214108560912	;     157.01231283691277	;     182.51017071182952	;     209.42642026992959	;     261.78090784236360	;     314.10690548141946	;     366.41442316368955	;     418.78178070602792	;     471.23889803846896	;     523.59877559829886	;     578.57664703612022	;     633.55451847394170		]; 
engine.fuel_map_torque_Nm = [	    -85.155000000000030	;    -64.602500000000020	;    -44.049999999999997	;    -27.071249999999999	;    -10.369034090909091	;     6.3331818181818180	;     19.656666666666666	;     32.707884615384614	;     51.486666666666665	;     58.200000000000003	;     63.189999999999998	;     71.528214285714284	;     86.925833333333344	;     99.700000000000003	;     105.44000000000000	;     117.28900000000000	;     131.69999999999999	;     142.77875000000000	;     166.37500000000000	;     187.68093750000000	;     208.98687500000000	;     228.09999999999999	;     247.95071428571430	;     267.80142857142857	;     286.63999999999999	;     298.60000000000002	;     318.45555555555552	;     341.33571428571429	;     361.94999999999999	;     398.07535725000002	;     434.20071450000006		]; 
engine.fuel_map_gps = [
   0.16455690592263483	   0.12751418942500417	  0.088033027895904128	  0.054878617092249005	  0.019954795695074488	   0.00000000000000000	   0.00000000000000000	   0.00000000000000000	   0.00000000000000000	   0.00000000000000000	   0.00000000000000000	   0.00000000000000000	   0.00000000000000000	   0.00000000000000000	   0.00000000000000000	   0.00000000000000000	   0.00000000000000000	   0.00000000000000000	   0.00000000000000000	;
   0.13441924068900232	   0.11941847387338005	   0.10752626260706893	   0.10296177813509530	   0.10094562434251282	  0.099478021375625267	  0.096111047610412406	  0.089567057926239313	  0.080386677448412755	  0.044137181984923987	   0.00000000000000000	   0.00000000000000000	   0.00000000000000000	  0.070275589091640278	   0.21115898628161617	   0.30693976600037454	   0.34391952264421149	   0.34848901030775659	   0.34219473548745621	;
   0.11046448643807819	   0.12080086293965428	   0.13314028172034220	   0.14779517405102890	   0.17001483181510785	   0.18910975470153663	   0.21623438060495773	   0.23718699111198374	   0.25021474860845933	   0.23635936748217426	   0.19513639514341682	   0.17463067075855365	   0.36226934894797647	   0.55075959951962228	   0.76248491570651433	   0.87230624425871084	   0.92797470216986044	   0.97910518304727390	    1.0338340203886327	;
  0.093763114921711202	   0.13272969964108328	   0.17210616133333656	   0.20466638098475545	   0.23941618283970953	   0.26154160868473098	   0.29110605054624500	   0.31569043266493901	   0.33463190082097821	   0.36175901225592960	   0.37738807571180683	   0.44062195135094973	   0.65750490718024479	   0.92511673110303727	    1.2018104205876616	    1.3120681712340332	    1.3986890732234871	    1.5029581434724397	    1.6168297016660127	;
  0.076725033872724405	   0.14814934653695816	   0.21588624859696270	   0.26093477846461044	   0.30290446206516758	   0.32820652116175869	   0.36266777462673894	   0.39461080461580339	   0.42289223577359081	   0.48320306745200864	   0.54694169988201735	   0.68940158519216310	   0.93694214546768795	    1.2607007657547331	    1.5860268415317247	    1.7114298348450148	    1.8541806301106025	    2.0239810501441977	    2.2035454219238808	;
  0.055678643975758613	   0.15493927985176031	   0.25188671929129303	   0.30782732879191910	   0.36086665388248279	   0.39347958986439258	   0.43875690117098054	   0.48230443414501528	   0.52228221818508835	   0.61406029975422383	   0.71816974832858960	   0.91481750977062759	    1.1959557148903812	    1.5673500274727232	    1.8471506482860374	    2.0809915205888929	    2.3091113618353658	    2.5544814815157011	    2.8060972807896385	;
  0.036737204513035991	   0.14683341087197016	   0.25467131844028196	   0.33378319626705688	   0.40978535580826009	   0.45305814232956854	   0.50939457955456913	   0.56118727561846393	   0.60862398376389337	   0.72493484359971005	   0.86211699151747956	    1.0813412894935019	    1.3871719960484457	    1.8060729911663982	    2.0446123091727393	    2.3768418630698034	    2.6769015925560025	    2.9861717859175543	    3.2981094970404294	;
  0.017809661923690712	   0.14034612956362369	   0.26132370104520541	   0.35790574098662775	   0.46744957405789811	   0.52449178792949036	   0.59374914088260511	   0.65032977097958800	   0.70120607899327114	   0.83880702373271909	    1.0009912696731278	    1.2400440599772569	    1.5711636017394095	    2.0314392102556362	    2.3036734688759415	    2.6812049073412654	    3.0445734158817639	    3.4171833521412438	    3.7890749584036563	;
   0.00000000000000000	   0.15258147760141724	   0.31393595741981678	   0.43958976128851956	   0.56691056274570206	   0.63634291273700228	   0.72552997960191790	   0.80457592088586305	   0.87375718391987633	    1.0227062699678060	    1.1822496901023791	    1.4857799450766207	    1.8798445823584715	    2.3932340258797282	    2.7473740947110068	    3.1620818370953789	    3.5987058868338990	    4.0589159546870324	    4.5150250861611863	;
   0.00000000000000000	   0.16214159546846477	   0.33901708406682857	   0.47293972431868436	   0.60034621436176072	   0.67389311705286647	   0.77075348001091493	   0.85796477136524696	   0.93378663161326536	    1.0889308195593581	    1.2508794413568272	    1.5861221563361452	    1.9955822516731410	    2.5404792019522149	    2.9145477412986081	    3.3436738652870983	    3.8056703361077751	    4.2949918398418099	    4.7792596406799497	;
