% ALPHA ENGINE DEFINITION
% Generated 26-Nov-2019 14:00:10

% SUGGESTED CITATION:
% 2015 Ford 2.7L EcoBoost V6 Engine Tier 2 Fuel - ALPHA Map Package. Version 2019-11. Ann Arbor MI: US EPA National Vehicle and Fuel Emissions Laboratory, National Center for Advanced Technology, 2019.


% Constructor
engine = class_REVS_engine();
engine.name =  '2015 Ford 2.7L EcoBoost V6 Engine Tier 2 Fuel'; 
engine.source_filename = mfilename;engine.matrix_vintage = enum_matrix_vintage.present;

% Physical Description
engine.displacement_L =  2.694; 
engine.num_cylinders =  6; 
engine.combustion_type = enum_engine_combustion_type.spark_ignition;
engine.compression_ratio =  10; 
engine.bore_mm =  83; 
engine.stroke_mm =  83; 

% Maximum Torque Curve
engine.full_throttle_speed_radps = [	    0.00000000000000000	;     104.71975511965977	;     157.18435243460928	;     183.36429121452426	;     209.43951023931953	;     314.15926535897933	;     445.05895925855401	;     602.13859193804365	;     632.24552153494585	;     662.35245113184806		]; 
engine.full_throttle_torque_Nm = [	    0.00000000000000000	;     230.06000000000000	;     350.02999999999997	;     416.41000000000003	;     460.97811999999999	;     508.43174999999997	;     488.09447999999998	;     402.67794599999996	;     345.15252514285709	;    0.00000000000000000		]; 
engine.naturally_aspirated_speed_radps = [	    0.00000000000000000	;     131.01649670336204	;     235.73648874554465	;     366.75421695243710	;     471.44509393129323	;     525.00091508751802	;     662.35245113184806		]; 
engine.naturally_aspirated_torque_Nm = [	     177.01373129711121	;     164.83824751007714	;     163.11243753133772	;     178.97027918601964	;     210.22227530483872	;     214.11090264907719	;     196.46906097392107		]; 

% Minimum Torque Curve
engine.closed_throttle_speed_radps = [	    0.00000000000000000	;     131.00441365469436	;     288.08404633418399	;     314.26398511409894	;     418.98374023375868	;     471.34361779358858	;     662.35245113184806		]; 
engine.closed_throttle_torque_Nm = [	    -11.473129230769228	;    -12.369999999999999	;    -22.750000000000000	;    -28.680000000000000	;    -25.370000000000001	;    -14.699999999999999	;    -16.007667692307692		]; 

% Fuel Map
engine.fuel_map_speed_radps = [	    0.00000000000000000	;     31.459559767197788	;     62.919119534395577	;     104.84192816729936	;     131.01649670336204	;     157.19416991165178	;     183.37045120011953	;     209.55470196995117	;     235.73648874554465	;     261.90718754706666	;     288.08404633418394	;     314.36576660448463	;     366.75421695243710	;     419.10518084046606	;     471.44509393129323	;     525.00091508751802	;     575.62521136093756	;     618.98883124639281	;     662.35245113184806		]; 
engine.fuel_map_torque_Nm = [	    -30.114000000000001	;    -17.578823529411764	;   -0.58999999999999997	;     25.218833333333336	;     55.537777777777777	;     80.155833333333334	;     104.37500000000000	;     117.65199999999999	;     144.49029411764707	;     178.61375000000001	;     199.14357142857142	;     225.90000000000001	;     250.61500000000001	;     280.40499999999997	;     315.27429687500000	;     344.01165539148354	;     376.65134651107405	;     405.25664460393409	;     438.68760604056433	;     469.19035353535355	;     491.92833333333334	;     512.89083541666662	;     533.85333749999995		]; 
engine.fuel_map_gps = [
   0.19847310126637593	   0.27397056250365287	   0.34427081257484354	   0.41521067769679654	   0.44201580890487235	   0.46440174038922433	   0.48643942247119432	   0.50782441296319980	   0.53029985882032904	   0.55482434365761835	   0.57806762636280995	   0.60734742515549955	   0.74203175711064528	   0.89146842566484541	    1.0472079069665885	   0.95592499541071929	   0.86514833430661076	   0.79083275341019910	   0.71772770376242623	;
   0.16821378208565327	   0.24104880719615021	   0.31276243559793809	   0.39410119109923519	   0.41947584163228369	   0.44359697797520686	   0.46844902755896128	   0.49138548030586110	   0.51822933545020777	   0.55648791858826929	   0.60166023643618916	   0.65260248629800521	   0.79723585141827791	   0.96362991952675436	    1.1407499854757785	    1.2258728696240666	    1.2283885100884271	    1.2121849480226272	    1.1918823656337030	;
   0.12888769239924627	   0.19712745625809092	   0.26899017438473055	   0.36018139721202780	   0.39017085234843263	   0.41836660692797584	   0.44425160912248796	   0.47229305288699192	   0.50996891946612111	   0.57242949727967973	   0.65166425786389448	   0.74862506796514316	   0.91631736936546193	    1.1075826017598349	    1.3467135082998440	    1.6010006195381170	    1.7212696636328471	    1.7831944530981294	    1.8343916886562939	;
  0.083379297782586945	   0.14350461308769555	   0.20423906105979997	   0.31543992286606726	   0.37484076519817011	   0.44191983512343735	   0.51506482307928281	   0.61429698952896317	   0.72885525502383297	   0.84445888201018671	   0.97356970181968472	    1.1156358677489637	    1.3475215750173923	    1.5811476671128712	    1.9085784665903713	    2.2322471207057970	    2.4801475500339754	    2.6531954700355742	    2.8112445409978917	;
  0.070279222049424883	   0.18239943227106761	   0.29718359276964762	   0.47447581523514282	   0.60486189915120769	   0.72465387111590196	   0.86460474548901745	    1.0085486664245342	    1.1560415870966327	    1.3010631419810943	    1.4555185805637669	    1.6305606481463697	    1.9620673271300015	    2.3207711411461744	    2.7156800917415036	    3.0844118082005645	    3.4255147786953115	    3.7047580428253601	    3.9766002075335818	;
  0.099243435151275414	   0.26836828062777462	   0.43895402891095947	   0.63111038129971220	   0.80133149612056231	   0.96612782024984867	    1.1258621188770894	    1.2792933466592096	    1.4550805674860952	    1.6431567676692485	    1.8442081326666426	    2.0645651056312286	    2.4722876682443924	    2.9190502135942009	    3.3773527477207952	    3.8242723116228436	    4.2464187930322757	    4.6076246834950441	    4.9678488869424875	;
   0.15709313101963518	   0.35554794289213382	   0.55266211216427186	   0.81504437466442348	    1.0047619254551436	    1.1944732957588831	    1.3872900422051229	    1.5803130928065805	    1.7937182961863374	    2.0248610020499482	    2.2595034871969486	    2.5004556709889956	    2.9822027834064246	    3.4918653703122540	    4.0349116912256635	    4.5774640428527542	    5.0962724845275007	    5.5478285356469001	    6.0028012203701300	;
   0.19668397683748201	   0.40945731319309098	   0.62232940240859147	   0.91540607017099451	    1.1114775452067756	    1.3191023291543320	    1.5378325111458140	    1.7525043350871772	    1.9848202431829876	    2.2347450141609877	    2.4869384314965139	    2.7423275526009618	    3.2653767460800194	    3.8091074250055579	    4.3973148383973397	    4.9968643332051981	    5.5761897907262314	    6.0840903882811288	    6.5975663937351676	;
   0.29424098490598077	   0.53675208976012379	   0.78095631376072838	    1.1137806361922638	    1.3295351687705885	    1.5797957372446974	    1.8358253256096426	    2.0945243971104395	    2.3660594936213695	    2.6492235788110197	    2.9361632610705812	    3.2308531680549883	    3.8440351050226513	    4.4746148233987384	    5.1387953375616968	    5.8593311760093894	    6.5805733649280151	    7.2216516520586644	    7.8725432815859238	;
   0.46501294039468721	   0.74748617152833519	    1.0333659919972680	    1.4322756065373170	    1.7041008473442718	    1.9550423580357581	    2.2259773382920991	    2.5136767903071400	    2.8186187518471875	    3.1382282208276289	    3.4726686976863528	    3.8272641483440726	    4.5684606068649583	    5.3096462252050083	    6.0862216900319117	    7.0051347083397131	    7.9796709833176038	    8.8589399560475286	    9.7531992764684201	;
