% ALPHA ENGINE DEFINITION
% Generated 29-Jul-2020 11:47:29

% SUGGESTED CITATION:
% 2018 Toyota 2.5L A25A-FKS Engine Tier 2 Fuel - ALPHA Map Package. Version 2020-07. Ann Arbor MI: US EPA National Vehicle and Fuel Emissions Laboratory, National Center for Advanced Technology, 2020.


% Constructor
engine = class_REVS_engine();
engine.name =  '2018 Toyota 2.5L A25A-FKS Engine Tier 2 Fuel'; 
engine.source_filename = mfilename;engine.matrix_vintage = enum_matrix_vintage.present;

% Physical Description
engine.displacement_L =  2.487; 
engine.num_cylinders =  4; 
engine.combustion_type = enum_engine_combustion_type.spark_ignition;
engine.compression_ratio =  13; 
engine.bore_mm =  87.5; 
engine.stroke_mm =  103.4; 

% Maximum Torque Curve
engine.full_throttle_speed_radps = [	    0.00000000000000000	;     103.12505234162977	;     105.05060883873348	;     121.15898176234263	;     157.00483285440416	;     211.47718214102289	;     265.59208773845728	;     313.74614017119956	;     422.72974799570221	;     470.72348049373937	;     523.59877559829886	;     691.15038378975441	;     725.70790297924214	;     760.26542216872997		]; 
engine.full_throttle_torque_Nm = [	    0.00000000000000000	;     114.50000000000000	;     162.53695652173909	;     179.76779661016951	;     198.24725274725276	;     214.35416666666671	;     225.47875647668405	;     220.25164835164833	;     235.16847826086948	;     236.85520833333331	;     249.47051199999999	;     219.02551316964789	;     187.73615414541248	;    0.00000000000000000		]; 

% Minimum Torque Curve
engine.closed_throttle_speed_radps = [	    0.00000000000000000	;     105.03391438501875	;     373.95424553230504	;     470.50585975263135	;     603.18578948924028	;     760.26542216872997		]; 
engine.closed_throttle_torque_Nm = [	    -15.948686146731134	;    -22.000000000000000	;    -31.699999999999999	;    -38.600000000000001	;    -50.700000000000003	;    -59.749821315955444		]; 

% Fuel Map
engine.fuel_map_speed_radps = [	    0.00000000000000000	;     40.540642121420589	;     81.081284242841178	;     108.90640491021287	;     138.86135520377456	;     156.88166247576345	;     181.05631740574222	;     211.24466377978447	;     265.47141566072946	;     313.66095091606940	;     373.97057705343684	;     422.27976929908095	;     470.51933431633228	;     518.81071920865065	;     566.98449891520715	;     603.19949327398876	;     681.73245772135942	;     760.26542216872997		]; 
engine.fuel_map_torque_Nm = [	    -62.737312381753220	;    -47.516666666666666	;    -37.300833333333330	;    -27.085000000000001	;    -12.425833333333333	;     2.2333333333333334	;     10.512499999999999	;     17.696874999999999	;     32.564285714285717	;     45.700000000000003	;     55.605000000000004	;     72.757894736842104	;     87.066666666666663	;     91.799999999999997	;     99.400000000000006	;     113.13999999999999	;     130.45999999999998	;     140.84999999999999	;     151.47248622589532	;     161.29379940711465	;     172.35006675567422	;     189.16123665966307	;     204.97210407128443	;     215.87274746501913	;     230.17722599761458	;     246.06063179880729	;     261.94403760000000		]; 
engine.fuel_map_gps = [
   0.00000000000000000	   0.00000000000000000	   0.00000000000000000	   0.00000000000000000	   0.00000000000000000	   0.00000000000000000	   0.00000000000000000	   0.00000000000000000	   0.00000000000000000	   0.00000000000000000	   0.00000000000000000	   0.00000000000000000	   0.00000000000000000	   0.00000000000000000	   0.00000000000000000	   0.00000000000000000	   0.00000000000000000	   0.00000000000000000	;
   0.00000000000000000	   0.00000000000000000	   0.00000000000000000	   0.00000000000000000	   0.00000000000000000	   0.00000000000000000	   0.00000000000000000	   0.00000000000000000	   0.00000000000000000	   0.00000000000000000	   0.00000000000000000	   0.00000000000000000	   0.00000000000000000	   0.00000000000000000	  0.012623679004597602	  0.092874172983330075	   0.25827811073192158	   0.42143094427348848	;
   0.00000000000000000	   0.00000000000000000	   0.00000000000000000	   0.00000000000000000	   0.00000000000000000	   0.00000000000000000	   0.00000000000000000	   0.00000000000000000	   0.00000000000000000	   0.00000000000000000	   0.00000000000000000	   0.00000000000000000	  0.036472128845502355	   0.16458945144503140	   0.29546175117465229	   0.39289370247255745	   0.59807455030884260	   0.80074832313257172	;
   0.00000000000000000	   0.00000000000000000	   0.00000000000000000	   0.00000000000000000	   0.00000000000000000	   0.00000000000000000	   0.00000000000000000	   0.00000000000000000	 0.0035959262960722415	  0.042155020264574843	   0.10112754434380657	   0.17670796249244863	   0.28827111353147644	   0.42948823356174803	   0.58027647068142429	   0.69417883436704642	   0.93890489022129020	    1.1811677103263332	;
   0.00000000000000000	  0.025958680890929169	  0.066882129989041320	  0.091666015839545936	   0.11544214320613216	   0.12869106714271827	   0.14603681906634361	   0.16900816971414387	   0.22235113221461772	   0.28971447543841694	   0.40025231928587440	   0.51743529524934628	   0.65988167719300572	   0.82317422183812961	   0.99867490286258909	    1.1338202122469760	    1.4328555863504722	    1.7308509319306855	;
  0.011419778982315212	  0.080004717016239998	   0.15168312795826300	   0.19895450525419620	   0.23936617519783843	   0.26231462712324077	   0.29454431600152137	   0.33906995607230511	   0.43071882332553918	   0.53359860244755253	   0.69731433690217359	   0.85441718731221805	    1.0309742629042109	    1.2244663748917921	    1.4294832850857526	    1.5875067587343819	    1.9387433698626448	    2.2893807798445289	;
  0.025823853201822296	   0.10298961244364190	   0.18007132820074628	   0.23164787774066531	   0.28670873419781628	   0.32159878922907692	   0.36888659988111183	   0.42946342084454947	   0.54494179259470843	   0.66946252600525047	   0.86354957571160140	    1.0419325371444432	    1.2373779127762565	    1.4492203860228470	    1.6747340058931437	    1.8484746323344561	    2.2291428152169814	    2.6092128656247606	;
  0.037332573832098474	   0.12274216591870225	   0.20614121167202581	   0.26332996890506039	   0.33093232902018699	   0.37394559035221481	   0.43248893234190067	   0.50453043464686564	   0.64298697819234740	   0.78712152964606685	    1.0069363640480544	    1.2035193130087813	    1.4148171163354217	    1.6425827506273447	    1.8876312142974907	    2.0765249767042127	    2.4827588815775248	    2.8887904348517988	;
  0.055746993686289867	   0.15869812410133957	   0.26149363886146587	   0.33289198901206213	   0.42070743583338072	   0.47742126299437815	   0.55561110090110866	   0.65393392922691873	   0.84490224251477331	    1.0266991674409880	    1.2968765383766323	    1.5332479083626276	    1.7738811950420394	    2.0349223455136696	    2.3263366048403271	    2.5507782043226217	    3.0129198356036291	    3.4770994968936342	;
  0.066959140738101983	   0.19197241559094994	   0.31685860018803008	   0.40331100628780558	   0.50726134050653049	   0.57411455349625018	   0.66672406870936030	   0.78639202281499687	    1.0113348476409829	    1.2250974718771506	    1.5425318366036096	    1.8165513255880441	    2.0930168229291879	    2.3859064373031718	    2.7117760145884366	    2.9582955927411971	    3.4858661488677938	    4.0142706767263565	;
  0.074241171277086279	   0.21879913177330637	   0.36421396097529196	   0.46487130748444205	   0.58292855718699355	   0.65473027721244803	   0.75423231798537937	   0.88863608091856472	    1.1384494068640247	    1.3757540568681266	    1.7255959354638386	    2.0309730384151825	    2.3395762192107874	    2.6661759093265212	    3.0130342683460851	    3.2711045173973301	    3.8484387577523287	    4.4295736698175210	;
